{
 "cells": [
  {
   "cell_type": "code",
   "execution_count": 1,
   "id": "642270c6-2148-47cb-91c4-7156cf6fdeba",
   "metadata": {},
   "outputs": [],
   "source": [
    "import sys\n",
    "\n",
    "sys.path.append(\"../bright_objects_masks\")\n",
    "import radius_study\n",
    "import call_dc2\n",
    "import warnings\n",
    "import numpy as np\n",
    "import matplotlib.pyplot as plt\n",
    "\n",
    "warnings.filterwarnings(\"ignore\")"
   ]
  },
  {
   "cell_type": "code",
   "execution_count": 2,
   "id": "9935e59c-1c22-4692-8a7a-cfca4e3c817e",
   "metadata": {},
   "outputs": [],
   "source": [
    "critical_radius = radius_study.Critical_radius(\n",
    "    name=\"dc2_object_run2.2i_dr6_v2_with_addons_v2\",\n",
    "    theta_bins=np.logspace(np.log10(10), np.log10(500), 200),\n",
    "    tract_list=None,\n",
    "    quantities=[\"ra\", \"dec\", \"mag_i_cModel\", \"mag_i_truth\"],\n",
    "    conditions=[\"\"],\n",
    "    conditions_galaxies=[\n",
    "        \"extendedness==1\",\n",
    "        \"mag_i_cModel>17\",\n",
    "        \"mag_i_cModel<25.3\",\n",
    "        \"clean==True\",\n",
    "    ],\n",
    "    conditions_stars=[\"mag_i_truth<=17\"],\n",
    "    binned_quantity=\"mag_i_truth\",\n",
    "    bins=[10, 12, 13, 14, 15, 16, 17],\n",
    ")"
   ]
  },
  {
   "cell_type": "code",
   "execution_count": null,
   "id": "f4fcf745-fa1a-4d49-9edb-cde05a637bc2",
   "metadata": {
    "tags": []
   },
   "outputs": [],
   "source": [
    "density_glob = critical_radius.get_density_ratio()"
   ]
  },
  {
   "cell_type": "code",
   "execution_count": null,
   "id": "09636e4d-99eb-48c9-8594-f1b08ef11f1e",
   "metadata": {},
   "outputs": [],
   "source": [
    "import matplotlib.pyplot as plt\n",
    "\n",
    "for i in range(len(density_glob)):\n",
    "    plt.plot(\n",
    "        np.logspace(np.log10(10), np.log10(500), 50),\n",
    "        density_glob[i],\n",
    "        linestyle=\"\",\n",
    "        marker=\"+\",\n",
    "    )\n",
    "    plt.xscale(\"log\")"
   ]
  },
  {
   "cell_type": "code",
   "execution_count": 6,
   "id": "30fcbfd4-7cee-4955-88f4-72cf583847e6",
   "metadata": {},
   "outputs": [
    {
     "data": {
      "text/plain": [
       "[10.0, 10.0]"
      ]
     },
     "execution_count": 6,
     "metadata": {},
     "output_type": "execute_result"
    }
   ],
   "source": [
    "critical_radius.get_critical_radius(\n",
    "    density_glob, theta_bins=np.logspace(np.log10(10), np.log10(500), 200)\n",
    ")"
   ]
  },
  {
   "cell_type": "code",
   "execution_count": 9,
   "id": "e17cd05c-44fb-44ea-b242-ed9fd7976019",
   "metadata": {
    "tags": []
   },
   "outputs": [
    {
     "ename": "NameError",
     "evalue": "name 'get_unique_critical_radius' is not defined",
     "output_type": "error",
     "traceback": [
      "\u001b[0;31m---------------------------------------------------------------------------\u001b[0m",
      "\u001b[0;31mNameError\u001b[0m                                 Traceback (most recent call last)",
      "Cell \u001b[0;32mIn[9], line 10\u001b[0m\n\u001b[1;32m      5\u001b[0m density_unique_bin\u001b[38;5;241m=\u001b[39m[\u001b[38;5;241m0\u001b[39m,\u001b[38;5;241m0\u001b[39m,\u001b[38;5;241m0\u001b[39m,\u001b[38;5;241m0\u001b[39m,\u001b[38;5;241m0\u001b[39m,\u001b[38;5;241m0\u001b[39m]\n\u001b[1;32m      6\u001b[0m \u001b[38;5;28;01mfor\u001b[39;00m i \u001b[38;5;129;01min\u001b[39;00m \u001b[38;5;28mrange\u001b[39m(\u001b[38;5;28mlen\u001b[39m(mag_bins)\u001b[38;5;241m-\u001b[39m\u001b[38;5;241m1\u001b[39m):\n\u001b[1;32m      7\u001b[0m     \u001b[38;5;66;03m#ra[i], dec[i], density_unique_bin[i] = critical_radius.get_unique_tract_density_ratio(\u001b[39;00m\n\u001b[1;32m      8\u001b[0m     \u001b[38;5;66;03m#    conditions_stars = [\"extendedness!=1\", \"clean==False\", \"nan.mag_i_cModel\", f\"mag_i_truth<{mag_bins[i+1]}\", f\"mag_i_truth>{mag_bins[i]}\"], larger_theta_bins=np.logspace(np.log10(10), np.log10(500), 200)\u001b[39;00m\n\u001b[1;32m      9\u001b[0m     \u001b[38;5;66;03m#)\u001b[39;00m\n\u001b[0;32m---> 10\u001b[0m     ra[i], dec[i], density_unique_bin[i] \u001b[38;5;241m=\u001b[39m \u001b[43mget_unique_critical_radius\u001b[49m\u001b[38;5;241m.\u001b[39mget_unique_density_ratio()\n\u001b[1;32m     11\u001b[0m     \u001b[38;5;28mprint\u001b[39m(density_unique_bin[i])\n",
      "\u001b[0;31mNameError\u001b[0m: name 'get_unique_critical_radius' is not defined"
     ]
    }
   ],
   "source": [
    "mag_bins = [10, 12, 13, 14, 15, 16, 17]\n",
    "# mag_bins = [10, 12]\n",
    "ra = [0, 0, 0, 0, 0, 0]\n",
    "dec = [0, 0, 0, 0, 0, 0]\n",
    "density_unique_bin = [0, 0, 0, 0, 0, 0]\n",
    "for i in range(len(mag_bins) - 1):\n",
    "    # ra[i], dec[i], density_unique_bin[i] = critical_radius.get_unique_tract_density_ratio(\n",
    "    #    conditions_stars = [\"extendedness!=1\", \"clean==False\", \"nan.mag_i_cModel\", f\"mag_i_truth<{mag_bins[i+1]}\", f\"mag_i_truth>{mag_bins[i]}\"], larger_theta_bins=np.logspace(np.log10(10), np.log10(500), 200)\n",
    "    # )\n",
    "    ra[i], dec[i], density_unique_bin[i] = (\n",
    "        get_unique_critical_radius.get_unique_density_ratio()\n",
    "    )\n",
    "    print(density_unique_bin[i])"
   ]
  },
  {
   "cell_type": "code",
   "execution_count": 3,
   "id": "e486f1dc-6989-431e-824b-6758ba6b41ec",
   "metadata": {},
   "outputs": [],
   "source": [
    "ra, dec, density_unique_bin = critical_radius.get_unique_density_ratio()"
   ]
  },
  {
   "cell_type": "code",
   "execution_count": 58,
   "id": "73a87d18-f258-4b38-85f6-51afb84e185d",
   "metadata": {},
   "outputs": [],
   "source": []
  },
  {
   "cell_type": "code",
   "execution_count": 1,
   "id": "68939c87-1396-49ab-b47d-62218a083304",
   "metadata": {},
   "outputs": [],
   "source": [
    "import sys\n",
    "\n",
    "sys.path.append(\"../bright_objects_masks\")\n",
    "import radius_study\n",
    "import call_dc2\n",
    "import warnings\n",
    "import numpy as np\n",
    "import matplotlib.pyplot as plt\n",
    "\n",
    "warnings.filterwarnings(\"ignore\")"
   ]
  },
  {
   "cell_type": "code",
   "execution_count": 4,
   "id": "ba8f7844-baaa-42b8-89f1-8e1ce5325cee",
   "metadata": {},
   "outputs": [],
   "source": [
    "openDC2 = call_dc2.OpenDC2()"
   ]
  },
  {
   "cell_type": "code",
   "execution_count": 22,
   "id": "dc3d2ff0-8684-4c11-8a1e-8b8069133bfa",
   "metadata": {},
   "outputs": [
    {
     "name": "stdout",
     "output_type": "stream",
     "text": [
      "ERROR : condition must be of string type ex : detect_isPrimary==True\n",
      "DC2 catalog loaded (tract = 3830, with filters)\n"
     ]
    }
   ],
   "source": [
    "stars = openDC2.stars(\n",
    "    quantities=[\"ra\", \"dec\", \"mag_i_cModel\", \"mag_i_truth\"],\n",
    "    conditions=[\"\"],\n",
    "    conditions1=[\"conditions_stars\"],\n",
    "    tract_list=3830,\n",
    ")"
   ]
  },
  {
   "cell_type": "code",
   "execution_count": 23,
   "id": "ff2d489f-bcf6-428e-aa7e-68056bef9d41",
   "metadata": {},
   "outputs": [],
   "source": [
    "stars_b = openDC2.bin_cat(\n",
    "    stars, quantities=\"mag_i_truth\", bins=[10, 12, 13, 14, 15, 16, 17]\n",
    ")"
   ]
  },
  {
   "cell_type": "code",
   "execution_count": 24,
   "id": "6936e524-4332-4f90-b595-a11ac6751ebd",
   "metadata": {
    "collapsed": true,
    "jupyter": {
     "outputs_hidden": true
    },
    "tags": []
   },
   "outputs": [
    {
     "data": {
      "text/plain": [
       "[<Table length=200>\n",
       "         ra         mag_i_cModel         dec         mag_i_truth\n",
       "      float64         float64          float64         float32  \n",
       " ------------------ ------------ ------------------- -----------\n",
       "  61.13373002965461          nan -37.094429739682674   10.754937\n",
       " 61.134193130398664          nan  -37.09437998734851   10.754937\n",
       "  61.02682373107842          nan -36.538451759667495   10.951806\n",
       "   61.0203053918756          nan -36.328074500051486   10.831347\n",
       "  61.02031212230175          nan  -36.32832961924017   10.831347\n",
       "  61.01962621539021          nan  -36.32794376444497   10.831347\n",
       " 61.108516013548154          nan  -36.08131764421675   11.580042\n",
       " 61.108402702696125          nan  -36.08077732597686   11.580042\n",
       "  61.10882975434974          nan -36.081775754166024   11.580042\n",
       "  61.20758846418695          nan -35.738916311498684     11.2798\n",
       "                ...          ...                 ...         ...\n",
       "  59.57532144396394          nan  -36.12737171918732   11.501174\n",
       "  59.57436785990507          nan -36.126702313420665   11.501174\n",
       "  59.43352509190134          nan  -36.06359382247979   10.993037\n",
       "  59.43669866376628          nan  -35.89375160020209   11.732379\n",
       "  59.44665552801272          nan -35.789824000249084   11.283928\n",
       "  59.44659903412989          nan  -35.78961113929805   11.283928\n",
       " 59.446053264620694          nan  -35.78948896881595   11.283928\n",
       "  59.44720118615795          nan -35.790063807064755   11.283928\n",
       "  59.44639080555922          nan -35.790240812834035   11.283928\n",
       "  59.44596475777685          nan  -35.78988574615173   11.283928,\n",
       " <Table length=303>\n",
       "         ra         mag_i_cModel         dec         mag_i_truth\n",
       "      float64         float64          float64         float32  \n",
       " ------------------ ------------ ------------------- -----------\n",
       "  61.09154838828241          nan -36.735010872853366   12.866594\n",
       " 61.120141687428614          nan  -36.55833845632125   12.922932\n",
       "  61.12045941725906          nan  -36.55852962135446   12.922932\n",
       "  61.08753947832954          nan  -36.27026244711696   12.192546\n",
       " 61.087219263566844          nan  -36.27022428566426   12.192546\n",
       "  61.08780855162047          nan  -36.26999776522265   12.192546\n",
       "  61.08794813986287          nan -36.270169257221774   12.192546\n",
       "  61.03976856714031          nan  -36.02971528795228   12.386924\n",
       "  61.03946665430644          nan  -36.02955658369504   12.386924\n",
       " 61.039537483101405          nan -36.030058041448754   12.386924\n",
       "                ...          ...                 ...         ...\n",
       " 59.561588934164966          nan  -35.81283638018958   12.936573\n",
       "  59.56148339553133          nan  -35.81276552185424   12.936573\n",
       "  59.56131529724634          nan -35.812842331808085   12.936573\n",
       "  59.55877688587135          nan -35.791177352997586   12.224812\n",
       " 59.559149753851585          nan  -35.79125325656302   12.224812\n",
       " 59.558593109413465          nan  -35.79086144848043   12.224812\n",
       "  59.55911223309546          nan  -35.79091420976346   12.224812\n",
       "  59.55835162274097          nan  -35.79104360647766   12.224812\n",
       "  59.58455968062138          nan  -35.76039304282936   12.118465\n",
       "  59.58408128840576          nan -35.760624402926844   12.118465,\n",
       " <Table length=571>\n",
       "         ra         mag_i_cModel         dec         mag_i_truth\n",
       "      float64         float64          float64         float32  \n",
       " ------------------ ------------ ------------------- -----------\n",
       " 61.142565541567286          nan -37.034874556686695   13.410449\n",
       "  61.14222874763228          nan  -37.03472433070354   13.410449\n",
       "  61.14291893059033          nan     -37.03491166456   13.410449\n",
       "  61.14286476463976          nan   -37.0349999918031   13.410449\n",
       "  61.14276747673521          nan -37.034641417977255   13.410449\n",
       " 61.107644266336074          nan  -37.03442857693593   13.240842\n",
       "  61.10734926921953          nan -37.034425458237756   13.240842\n",
       " 61.065991237713924          nan  -37.00898501288275   13.681282\n",
       "   61.0662912589612          nan  -37.00903275666654   13.681282\n",
       "  61.07634906526828          nan -36.993548098286276   13.804794\n",
       "                ...          ...                 ...         ...\n",
       "  59.50446973442869          nan -35.856885293986316    13.79403\n",
       "  59.50401307296493          nan -35.857043312712165    13.79403\n",
       "  59.50388534947017          nan -35.856693865768676    13.79403\n",
       "  59.50417046866406          nan  -35.85656029076966    13.79403\n",
       " 59.504423271108465          nan -35.856661356449436    13.79403\n",
       "  59.52104076650803          nan  -35.85207356173495   13.328293\n",
       "  59.52138043974972          nan  -35.85217669575452   13.328293\n",
       "  59.41018628002348          nan -35.795344755020494   13.454323\n",
       "  59.41041045312136          nan  -35.79515666592004   13.454323\n",
       " 59.409971766284606          nan  -35.79516849104542   13.454323,\n",
       " <Table length=471>\n",
       "         ra         mag_i_cModel         dec         mag_i_truth\n",
       "      float64         float64          float64         float32  \n",
       " ------------------ ------------ ------------------- -----------\n",
       "  61.19210028027926          nan  -37.10984158859333   14.898805\n",
       " 61.089804162800604          nan -37.102455517445584   14.726076\n",
       "  61.08961752183488          nan  -37.10239541893264   14.726076\n",
       " 61.089728816515496          nan   -37.1023005869655   14.726076\n",
       "  61.21821443654456          nan -37.096949325328474   14.406676\n",
       "  61.21811635992517          nan  -37.09708988958179   14.406676\n",
       "  61.05943462764962          nan  -37.01807395543491   14.215497\n",
       " 61.059307398651974          nan  -37.01798327586045   14.215497\n",
       " 61.161821379507664          nan  -36.87353650080003   14.274989\n",
       "   61.1616770699953          nan  -36.87358191003784   14.274989\n",
       "                ...          ...                 ...         ...\n",
       "  59.53155034695405          nan  -36.03078514221848   14.466099\n",
       "  59.47272906700193          nan  -35.95890189566832   14.529192\n",
       "  59.59162434344565          nan  -35.82684866430329   14.030067\n",
       " 59.591256041336855          nan  -35.82691978721011   14.030067\n",
       "  59.55709563611129          nan  -35.81642078086799   14.894499\n",
       " 59.434965644209676          nan -35.720279992612944    14.71943\n",
       " 59.516367353881606          nan  -35.71801993522417   14.691219\n",
       "  59.57710817198878          nan  -35.70476488667548   14.329787\n",
       "  59.57691383524595          nan   -35.7048889590772   14.329787\n",
       "  59.57709553047142          nan  -35.70506375553128   14.329787,\n",
       " <Table length=398>\n",
       "         ra         mag_i_cModel         dec         mag_i_truth\n",
       "      float64         float64          float64         float32  \n",
       " ------------------ ------------ ------------------- -----------\n",
       "  61.11942289440149          nan  -37.18838756198698    15.03297\n",
       "  61.11926274780087          nan  -37.16149278488555   15.561257\n",
       "  61.09563588914178          nan  -37.15020891153314   15.466787\n",
       "   61.0903226771819          nan -37.141073290018774   15.275223\n",
       "  61.04147358611129          nan -37.066680828827515  15.2960005\n",
       " 61.027684039047365          nan  -37.02177445340441   15.473437\n",
       "  61.07734216131761          nan   -37.0083120837998   15.154108\n",
       "  61.07501235856593          nan  -36.91679841355163   15.468811\n",
       "  61.19405708314351          nan  -36.90451885376815   15.672574\n",
       "  61.02837892377392          nan  -36.75715187455747   15.840606\n",
       "                ...          ...                 ...         ...\n",
       " 59.565215326231026          nan  -36.02039957486065   15.913652\n",
       "  59.39651983278631          nan  -36.00664866403923   15.867559\n",
       "  59.48039480057824          nan -36.006421041516816   15.364427\n",
       "  59.39637197814963          nan  -36.00281365048075    15.73892\n",
       " 59.410142100776135          nan  -35.98389331743869   15.932054\n",
       "  59.56346966368442          nan  -35.95767292988455   15.086045\n",
       "  59.48582889686728          nan  -35.83791198531053   15.386641\n",
       "  59.47847366703959          nan  -35.76533131201623   15.665867\n",
       "   59.5911666273027          nan -35.704125116480355   15.793995\n",
       "  59.49809226633231          nan  -35.70433564649936   15.768665,\n",
       " <Table length=607>\n",
       "         ra            mag_i_cModel            dec         mag_i_truth\n",
       "      float64            float64             float64         float32  \n",
       " ------------------ ------------------ ------------------- -----------\n",
       " 61.100616646056665 16.708274543817815  -37.18135194545678   16.705994\n",
       " 61.208801582982545 16.899994157489424  -37.15975944183774    16.89761\n",
       " 61.174810727350426  16.16240876279176 -37.148673329249235   16.143139\n",
       "  61.07523009903934 16.921982270243284 -37.142530557011455   16.919239\n",
       " 61.139865763510244 16.677219574477366  -37.14180990300278   16.675198\n",
       " 61.002200971511044  16.85688639425949  -37.07140841009842   16.855877\n",
       "  61.03033565512249 16.951996059128227   -37.0572798753503   16.949179\n",
       " 61.059472659745225 16.332333976124787  -36.95523056949755   16.328182\n",
       "  61.08302147246998 16.244064889745225  -36.94900992396855   16.240044\n",
       "  61.09142037156449 16.184102178349196  -36.93292565884965   16.178783\n",
       "                ...                ...                 ...         ...\n",
       " 59.407258128936526  16.58822948818313 -35.968171504805724   16.586811\n",
       " 59.578345171221656 16.377754645721993  -35.96708681927521    16.37399\n",
       " 59.472170716685994  16.47520074192595  -35.93302120672906    16.47393\n",
       "  59.60364727206849  16.68621443718383 -35.922239515892876   16.681925\n",
       "  59.41153075468822 16.460954963868456 -35.842426904410324   16.458075\n",
       "  59.59407769020061 16.149508191313423  -35.82718877707975   16.145588\n",
       "  59.39113929321121  16.90311017657174  -35.81484064821713   16.898426\n",
       "  59.56797612034304 16.082389053785548  -35.78962863796466   16.434952\n",
       " 59.440481567677956 16.136848553915144  -35.70735839162467   16.134495\n",
       "  59.60397940623865 16.189026095130657  -35.70418188806886   16.184114]"
      ]
     },
     "execution_count": 24,
     "metadata": {},
     "output_type": "execute_result"
    }
   ],
   "source": [
    "stars_b"
   ]
  },
  {
   "cell_type": "code",
   "execution_count": 4,
   "id": "366e6e07-4f38-4bdf-8456-d9c012c31ef1",
   "metadata": {},
   "outputs": [],
   "source": [
    "critical_radius = radius_study.Critical_radius(\n",
    "    theta_bins=np.logspace(np.log10(0.5), np.log10(500), 200),\n",
    "    tract_list=3830,\n",
    "    quantities=[\"ra\", \"dec\", \"mag_i_cModel\", \"mag_i_truth\", \"extendedness\", \"clean\"],\n",
    "    conditions=[\"mag_i_truth<27\"],\n",
    "    conditions_galaxies=[\n",
    "        \"extendedness==1.0\",\n",
    "        \"mag_i_cModel>17\",\n",
    "        \"mag_i_cModel<25.3\",\n",
    "        \"clean==True\",\n",
    "    ],\n",
    "    conditions_stars=[\"extendedness!=1.0\", \"clean==False\"],\n",
    "    binned_quantity=\"mag_i_truth\",\n",
    "    bins=[10, 12, 13, 14, 15, 16, 17],\n",
    ")"
   ]
  },
  {
   "cell_type": "code",
   "execution_count": 8,
   "id": "3f76d2f7-ae18-4493-82a5-d9280829fb58",
   "metadata": {},
   "outputs": [
    {
     "name": "stdout",
     "output_type": "stream",
     "text": [
      "computing stars\n",
      "['ra', 'dec', 'mag_i_cModel', 'mag_i_truth', 'extendedness', 'clean'] ['mag_i_cModel<25.3'] ['extendedness!=1.0', 'clean==False'] ['3830']\n",
      "DC2 catalog loaded (tract = ['3830'], with filters)\n",
      "   mag_i_cModel    mag_i_truth clean ...         ra                 dec        \n",
      "------------------ ----------- ----- ... ------------------ -------------------\n",
      "25.269025173174157   26.128841 False ... 61.153996323547595 -36.993696265363326\n",
      "24.181691059642453   27.116684 False ...  61.00689475395205 -36.923369121674085\n",
      "23.692949090674496   25.303728 False ...  61.14985451686816  -36.63451669639126\n",
      "24.433062408501755   24.157982 False ...  61.07874066515746  -36.41322828922533\n",
      "24.539799535820396   24.834146 False ...  61.15516522817277 -36.355599938241575\n",
      "21.240952355044175   24.559628 False ...  61.15589450482665  -36.35920575148693\n",
      " 23.48994028282535    27.10735 False ...  61.15891588923199   -36.3579620994658\n",
      " 20.64411775620406   20.562004 False ... 60.997168948429874  -36.31220053862647\n",
      "22.729956847412698   23.036718 False ...  61.04573472488268 -35.867746415244184\n",
      "23.428158520421988   23.726042 False ... 61.046434914922806   -35.8692974701541\n",
      "               ...         ...   ... ...                ...                 ...\n",
      " 25.20485207523554   25.347496 False ...  59.78918604995558  -35.70754009451873\n",
      "17.543487006621675   17.543505 False ...  59.78849980702358  -35.79549293162802\n",
      " 24.43930149549834   24.362339 False ... 59.575146655892624  -37.18454982614672\n",
      " 23.97317039560334   23.670502 False ... 59.451159065674965  -36.95127925537894\n",
      "23.647244650855946   26.689571 False ...   59.4962294536954  -36.76226580971466\n",
      " 25.25742672647477         nan False ... 59.466469166705934  -36.43944583838498\n",
      "17.007549655816455   16.995937 False ...   59.5508716104329  -36.09204363990759\n",
      "23.611116685226673   25.443449 False ...  59.57209510813634  -35.98612013861782\n",
      "24.550245322835877   26.354176 False ... 59.504956324774724 -35.858707749628394\n",
      "16.149508191313423   16.145588 False ...  59.59407769020061  -35.82718877707975\n",
      "23.536472802807246   23.211119 False ... 59.558601711335776  -35.81506537130252\n",
      "Length = 79 rows\n"
     ]
    }
   ],
   "source": [
    "cats = critical_radius._open_catalogs(\n",
    "    tract=[\"3830\"],\n",
    "    conditions_stars=[\"extendedness!=1.0\", \"clean==False\"],\n",
    "    compute_galaxies=False,\n",
    "    custom_bins=[],\n",
    ")"
   ]
  },
  {
   "cell_type": "code",
   "execution_count": 8,
   "id": "0270b6dd-94ac-4031-ae50-94b31b98c63b",
   "metadata": {},
   "outputs": [
    {
     "data": {
      "text/plain": [
       "astropy.table.column.Column"
      ]
     },
     "execution_count": 8,
     "metadata": {},
     "output_type": "execute_result"
    }
   ],
   "source": [
    "type(cats[0][\"mag_i_truth\"])"
   ]
  },
  {
   "cell_type": "code",
   "execution_count": 8,
   "id": "3ee27631-7ee5-4d8a-a6e7-cb8a74dfaaf0",
   "metadata": {
    "collapsed": true,
    "jupyter": {
     "outputs_hidden": true
    },
    "tags": []
   },
   "outputs": [
    {
     "name": "stdout",
     "output_type": "stream",
     "text": [
      "in calldc2\n",
      " clean         ra            mag_i_cModel    ...         dec         mag_i_truth\n",
      "----- ------------------ ------------------ ... ------------------- -----------\n",
      "False 61.153996323547595 25.269025173174157 ... -36.993696265363326   26.128841\n",
      "False  61.00689475395205 24.181691059642453 ... -36.923369121674085   27.116684\n",
      "False  61.14985451686816 23.692949090674496 ...  -36.63451669639126   25.303728\n",
      "False  61.07874066515746 24.433062408501755 ...  -36.41322828922533   24.157982\n",
      "False  61.15516522817277 24.539799535820396 ... -36.355599938241575   24.834146\n",
      "False  61.15589450482665 21.240952355044175 ...  -36.35920575148693   24.559628\n",
      "False  61.15891588923199  23.48994028282535 ...   -36.3579620994658    27.10735\n",
      "False 60.997168948429874  20.64411775620406 ...  -36.31220053862647   20.562004\n",
      "False  61.04573472488268 22.729956847412698 ... -35.867746415244184   23.036718\n",
      "False 61.046434914922806 23.428158520421988 ...   -35.8692974701541   23.726042\n",
      "  ...                ...                ... ...                 ...         ...\n",
      "False  59.78918604995558  25.20485207523554 ...  -35.70754009451873   25.347496\n",
      "False  59.78849980702358 17.543487006621675 ...  -35.79549293162802   17.543505\n",
      "False 59.575146655892624  24.43930149549834 ...  -37.18454982614672   24.362339\n",
      "False 59.451159065674965  23.97317039560334 ...  -36.95127925537894   23.670502\n",
      "False   59.4962294536954 23.647244650855946 ...  -36.76226580971466   26.689571\n",
      "False 59.466469166705934  25.25742672647477 ...  -36.43944583838498         nan\n",
      "False   59.5508716104329 17.007549655816455 ...  -36.09204363990759   16.995937\n",
      "False  59.57209510813634 23.611116685226673 ...  -35.98612013861782   25.443449\n",
      "False 59.504956324774724 24.550245322835877 ... -35.858707749628394   26.354176\n",
      "False  59.59407769020061 16.149508191313423 ...  -35.82718877707975   16.145588\n",
      "False 59.558601711335776 23.536472802807246 ...  -35.81506537130252   23.211119\n",
      "Length = 79 rows 26.128841 <class 'astropy.table.table.Table'>\n",
      "[10, 12, 13, 14, 15, 16, 17]\n",
      "\n",
      " vmin\n",
      " 10.0 12.0\n",
      "\n",
      " vmin\n",
      " 12.0 13.0\n",
      "\n",
      " vmin\n",
      " 13.0 14.0\n",
      "\n",
      " vmin\n",
      " 14.0 15.0\n",
      "\n",
      " vmin\n",
      " 15.0 16.0\n",
      "\n",
      " vmin\n",
      " 16.0 17.0\n"
     ]
    }
   ],
   "source": [
    "stars_b = openDC2.bin_cat(\n",
    "    cats[0], quantities=\"mag_i_truth\", bins=[10, 12, 13, 14, 15, 16, 17]\n",
    ")"
   ]
  },
  {
   "cell_type": "code",
   "execution_count": 5,
   "id": "b136834a-4b23-4ebc-9fe5-12e60f7a0333",
   "metadata": {
    "collapsed": true,
    "jupyter": {
     "outputs_hidden": true
    },
    "tags": []
   },
   "outputs": [
    {
     "name": "stdout",
     "output_type": "stream",
     "text": [
      "init tract density_ratio\n",
      "computing galaxies\n",
      "DC2 catalog loaded (tract = ['3830'], with filters)\n",
      "DC2 catalog loaded (tract = ['3830', '4029', '4028', '4027', '3831', '3829', '3637', '3636', '3635'], with filters)\n",
      "computing stars\n",
      "['ra', 'dec', 'mag_i_cModel', 'mag_i_truth', 'extendedness', 'clean'] ['mag_i_truth<27'] ['extendedness!=1.0', 'clean==False'] ['3830']\n",
      "DC2 catalog loaded (tract = ['3830'], with filters)\n",
      "        dec         extendedness    mag_i_cModel    ... clean mag_i_truth\n",
      "------------------- ------------ ------------------ ... ----- -----------\n",
      " -37.16279203095496          0.0 26.767966491377432 ... False    26.07648\n",
      "-37.094429739682674          nan                nan ... False   10.754937\n",
      " -37.09437998734851          nan                nan ... False   10.754937\n",
      " -37.09639023016055          nan                nan ... False   24.092445\n",
      " -37.06460506412567          0.0  26.70943412550794 ... False   26.083942\n",
      " -37.03442857693593          nan                nan ... False   13.240842\n",
      "-37.017360683464695          nan 25.740297578990457 ... False   26.300526\n",
      "-37.054246174995555          0.0  26.42146940243546 ... False   26.523428\n",
      " -36.99692348654136          0.0  26.05142100860788 ... False    26.14095\n",
      " -36.98616442184755          0.0 27.793161748000177 ... False   26.679152\n",
      "                ...          ...                ... ...   ...         ...\n",
      " -35.78961113929805          nan                nan ... False   11.283928\n",
      " -35.78948896881595          nan                nan ... False   11.283928\n",
      "-35.790063807064755          nan                nan ... False   11.283928\n",
      "-35.790240812834035          nan                nan ... False   11.283928\n",
      " -35.78988574615173          nan                nan ... False   11.283928\n",
      "-35.791177352997586          nan                nan ... False   12.224812\n",
      " -35.79125325656302          nan                nan ... False   12.224812\n",
      " -35.79086144848043          nan                nan ... False   12.224812\n",
      " -35.79091420976346          nan                nan ... False   12.224812\n",
      " -35.79104360647766          nan                nan ... False   12.224812\n",
      " -35.76039304282936          nan                nan ... False   12.118465\n",
      "Length = 1134 rows\n",
      "[10, 12, 13, 14, 15, 16, 17] in radius_study\n",
      "in calldc2\n",
      "         dec         extendedness    mag_i_cModel    ... clean mag_i_truth\n",
      "------------------- ------------ ------------------ ... ----- -----------\n",
      " -37.16279203095496          0.0 26.767966491377432 ... False    26.07648\n",
      "-37.094429739682674          nan                nan ... False   10.754937\n",
      " -37.09437998734851          nan                nan ... False   10.754937\n",
      " -37.09639023016055          nan                nan ... False   24.092445\n",
      " -37.06460506412567          0.0  26.70943412550794 ... False   26.083942\n",
      " -37.03442857693593          nan                nan ... False   13.240842\n",
      "-37.017360683464695          nan 25.740297578990457 ... False   26.300526\n",
      "-37.054246174995555          0.0  26.42146940243546 ... False   26.523428\n",
      " -36.99692348654136          0.0  26.05142100860788 ... False    26.14095\n",
      " -36.98616442184755          0.0 27.793161748000177 ... False   26.679152\n",
      "                ...          ...                ... ...   ...         ...\n",
      " -35.78961113929805          nan                nan ... False   11.283928\n",
      " -35.78948896881595          nan                nan ... False   11.283928\n",
      "-35.790063807064755          nan                nan ... False   11.283928\n",
      "-35.790240812834035          nan                nan ... False   11.283928\n",
      " -35.78988574615173          nan                nan ... False   11.283928\n",
      "-35.791177352997586          nan                nan ... False   12.224812\n",
      " -35.79125325656302          nan                nan ... False   12.224812\n",
      " -35.79086144848043          nan                nan ... False   12.224812\n",
      " -35.79091420976346          nan                nan ... False   12.224812\n",
      " -35.79104360647766          nan                nan ... False   12.224812\n",
      " -35.76039304282936          nan                nan ... False   12.118465\n",
      "Length = 1134 rows mag_i_truth\n",
      "-----------\n",
      "   26.07648\n",
      "  10.754937\n",
      "  10.754937\n",
      "  24.092445\n",
      "  26.083942\n",
      "  13.240842\n",
      "  26.300526\n",
      "  26.523428\n",
      "   26.14095\n",
      "  26.679152\n",
      "        ...\n",
      "  11.283928\n",
      "  11.283928\n",
      "  11.283928\n",
      "  11.283928\n",
      "  11.283928\n",
      "  12.224812\n",
      "  12.224812\n",
      "  12.224812\n",
      "  12.224812\n",
      "  12.224812\n",
      "  12.118465\n",
      "Length = 1134 rows <class 'astropy.table.column.Column'>\n",
      "[10, 12, 13, 14, 15, 16, 17]\n",
      "\n",
      " quantities : \n",
      " mag_i_truth\n",
      "\n",
      " vmin\n",
      " 10.0 12.0\n",
      "\n",
      " vmin\n",
      " 12.0 13.0\n",
      "\n",
      " vmin\n",
      " 13.0 14.0\n",
      "\n",
      " vmin\n",
      " 14.0 15.0\n",
      "\n",
      " vmin\n",
      " 15.0 16.0\n",
      "\n",
      " vmin\n",
      " 16.0 17.0\n",
      "catalogs loaded         dec         extendedness    mag_i_cModel    ... clean mag_i_truth\n",
      "------------------- ------------ ------------------ ... ----- -----------\n",
      " -37.18991297922315          1.0 23.133443925168358 ...  True   23.174675\n",
      " -37.18983185076904          1.0  24.81546137072045 ...  True   25.296158\n",
      " -37.19000288895217          1.0 22.480805020172788 ...  True   22.446325\n",
      " -37.18960386932029          1.0 24.855490471646693 ...  True   24.903076\n",
      " -37.18925408965603          1.0  25.25303728015105 ...  True    25.67818\n",
      " -37.18882280644829          1.0  23.96840339904439 ...  True   24.060623\n",
      " -37.18816108389595          1.0 23.373456706475622 ...  True   23.338316\n",
      " -37.18733672783328          1.0 24.168456886416486 ...  True   24.168053\n",
      "-37.188708482192624          1.0  24.16470050117343 ...  True   24.194155\n",
      " -37.18825576486568          1.0  24.75926477552501 ...  True   24.700958\n",
      "                ...          ...                ... ...   ...         ...\n",
      " -35.70287584634223          1.0  23.72082898138729 ...  True    23.46333\n",
      " -35.70364419626184          1.0  24.58522745388627 ...  True   24.637926\n",
      " -35.70599072487342          1.0  24.42315281545136 ...  True   23.777962\n",
      " -35.70567576576874          1.0 24.619044383424914 ...  True   25.568775\n",
      "-35.705737399648086          1.0  25.13682420569108 ...  True   26.337765\n",
      " -35.70264001287735          1.0 25.254449962800575 ...  True   25.236597\n",
      " -35.70290646342037          1.0  25.02759903257009 ...  True   25.469158\n",
      "-35.703434342963504          1.0 20.818980831560545 ...  True   20.965397\n",
      " -35.70265330332091          1.0 24.580369593853966 ...  True   24.597706\n",
      " -35.70365190213566          1.0  23.47617558679386 ...  True   23.493166\n",
      "-35.822554319324944          1.0 23.922830650662192 ...  True   26.917862\n",
      "Length = 409124 rows         dec         extendedness    mag_i_cModel    ... clean mag_i_truth\n",
      "------------------- ------------ ------------------ ... ----- -----------\n",
      " -38.67750465930535          1.0 24.514775152104065 ...  True    24.60744\n",
      " -38.67745142215169          1.0 25.122190114912375 ...  True   24.851074\n",
      " -38.67752123629328          1.0 23.612881486817667 ...  True   23.575153\n",
      " -38.67714163313268          1.0 22.640578402060875 ...  True   22.720943\n",
      " -38.67751229970885          1.0 25.216874979920018 ...  True    25.20963\n",
      " -38.67665097655783          1.0 22.528595889701478 ...  True    22.74108\n",
      "-38.676991245881936          1.0  24.91029714942684 ...  True    24.81676\n",
      " -38.67739329771109          1.0 25.215701964886755 ...  True   24.969513\n",
      " -38.67654659528613          1.0 24.574891392570695 ...  True   24.794384\n",
      " -38.67661590793321          1.0   23.0209322996553 ...  True   23.003342\n",
      "                ...          ...                ... ...   ...         ...\n",
      " -34.21577649593113          1.0  25.29495686774411 ...  True    26.07318\n",
      " -34.21537549617251          1.0  19.54320025921887 ...  True   19.800346\n",
      " -34.21738120841024          1.0  22.68041206236213 ...  True   22.679617\n",
      "-34.215751665197295          1.0 23.448602827879164 ...  True   23.358772\n",
      " -34.21642331677205          1.0 24.079368935738263 ...  True    23.86983\n",
      " -34.21580401216489          1.0 22.662464806688646 ...  True   25.064552\n",
      " -34.21552611381113          1.0 23.204008130958577 ...  True   23.198774\n",
      " -34.21582251877219          1.0 23.263210683647358 ...  True   23.240227\n",
      " -34.21502384045495          1.0 24.251461684813062 ...  True   24.366985\n",
      " -34.21524560883297          1.0  25.09457084341486 ...  True   25.077274\n",
      " -34.21521722660903          1.0 25.221199588417107 ...  True    25.17456\n",
      "Length = 3576225 rows [<Table length=175>\n",
      "        dec         extendedness mag_i_cModel ... clean mag_i_truth\n",
      "      float64         float64      float64    ...  bool   float32  \n",
      "------------------- ------------ ------------ ... ----- -----------\n",
      "-37.094429739682674          nan          nan ... False   10.754937\n",
      " -37.09437998734851          nan          nan ... False   10.754937\n",
      "-36.538451759667495          nan          nan ... False   10.951806\n",
      "-36.328074500051486          nan          nan ... False   10.831347\n",
      " -36.32832961924017          nan          nan ... False   10.831347\n",
      " -36.32794376444497          nan          nan ... False   10.831347\n",
      " -36.08131764421675          nan          nan ... False   11.580042\n",
      " -36.08077732597686          nan          nan ... False   11.580042\n",
      "-35.738916311498684          nan          nan ... False     11.2798\n",
      " -35.73917259715181          nan          nan ... False     11.2798\n",
      "                ...          ...          ... ...   ...         ...\n",
      " -36.12737171918732          nan          nan ... False   11.501174\n",
      "-36.126702313420665          nan          nan ... False   11.501174\n",
      " -36.06359382247979          nan          nan ... False   10.993037\n",
      " -35.89375160020209          nan          nan ... False   11.732379\n",
      "-35.789824000249084          nan          nan ... False   11.283928\n",
      " -35.78961113929805          nan          nan ... False   11.283928\n",
      " -35.78948896881595          nan          nan ... False   11.283928\n",
      "-35.790063807064755          nan          nan ... False   11.283928\n",
      "-35.790240812834035          nan          nan ... False   11.283928\n",
      " -35.78988574615173          nan          nan ... False   11.283928, <Table length=93>\n",
      "        dec         extendedness mag_i_cModel ... clean mag_i_truth\n",
      "      float64         float64      float64    ...  bool   float32  \n",
      "------------------- ------------ ------------ ... ----- -----------\n",
      " -36.55833845632125          nan          nan ... False   12.922932\n",
      " -36.02971528795228          nan          nan ... False   12.386924\n",
      " -37.14519711801142          nan          nan ... False   12.787674\n",
      " -37.12693440635274          nan          nan ... False    12.67872\n",
      "-37.092126603680484          nan          nan ... False   12.077327\n",
      " -37.09210174936494          nan          nan ... False   12.077327\n",
      " -37.09185970997532          nan          nan ... False   12.077327\n",
      "-37.061799230381716          nan          nan ... False    12.67642\n",
      " -37.06147663324025          nan          nan ... False    12.67642\n",
      "-36.671447877901855          nan          nan ... False   12.170039\n",
      "                ...          ...          ... ...   ...         ...\n",
      " -35.81323377418065          nan          nan ... False   12.936573\n",
      " -35.81283638018958          nan          nan ... False   12.936573\n",
      " -35.81276552185424          nan          nan ... False   12.936573\n",
      "-35.812842331808085          nan          nan ... False   12.936573\n",
      "-35.791177352997586          nan          nan ... False   12.224812\n",
